Количество уникальных членов: 100
Объём выборки: 100
Сумма столбцов 'Уникальные' умножить на 'Частота': 65
Выборочное среднее: 0.65
Максимальное значение: 4.682
Минимальное значение: 0.00501
Размах выборки: 4.67699
Мода: 0.00501
Медиана: 0.7365
Нижний квартиль: 0.3217
Верхний квартиль: 1.594
Интерквартальный размах: 1.2723
Выборочная дисперсия: 1.33259
СКО: 1.15438
Среднее отклонение: 0.778721
Центральный момент третьего порядка: 3.32609
Центральный момент четвёртого порядка: 10.1959
Коэффициент ассиметрии: 2.16216
Коэффициент эксцесса: -2.7416


  Данные     Уникальные    Частота Данные*Чаcтота ОтнЧа ОтнНакопЧаст  Вторая    Третья     Четвёртая 
   0.00501    0.00501          1    0.00501       0.01       0.01      0.416    -0.2683     0.1731 
   0.02941    0.02941          1    0.02941       0.01       0.02     0.3851     -0.239     0.1483 
   0.09154    0.09154          1    0.09154       0.01       0.03     0.3119    -0.1742    0.09727 
    0.1121     0.1121          1     0.1121       0.01       0.04     0.2893    -0.1556    0.08372 
    0.1331     0.1331          1     0.1331       0.01       0.05     0.2672    -0.1381    0.07139 
    0.1371     0.1371          1     0.1371       0.01       0.06     0.2631    -0.1349     0.0692 
    0.1394     0.1394          1     0.1394       0.01       0.07     0.2607    -0.1331    0.06797 
    0.1459     0.1459          1     0.1459       0.01       0.08     0.2541    -0.1281    0.06458 
    0.1467     0.1467          1     0.1467       0.01       0.09     0.2533    -0.1275    0.06417 
     0.147      0.147          1      0.147       0.01        0.1      0.253    -0.1273    0.06401 
    0.1532     0.1532          1     0.1532       0.01       0.11     0.2468    -0.1226    0.06092 
    0.1563     0.1563          1     0.1563       0.01       0.12     0.2437    -0.1203    0.05941 
    0.1639     0.1639          1     0.1639       0.01       0.13     0.2363    -0.1149    0.05583 
    0.1712     0.1712          1     0.1712       0.01       0.14     0.2292    -0.1098    0.05256 
    0.1756     0.1756          1     0.1756       0.01       0.15     0.2251    -0.1068    0.05065 
     0.188      0.188          1      0.188       0.01       0.16     0.2134   -0.09861    0.04556 
    0.2264     0.2264          1     0.2264       0.01       0.17     0.1794   -0.07601     0.0322 
    0.2317     0.2317          1     0.2317       0.01       0.18      0.175   -0.07319    0.03062 
    0.2381     0.2381          1     0.2381       0.01       0.19     0.1697   -0.06988    0.02879 
    0.2483     0.2483          1     0.2483       0.01        0.2     0.1614   -0.06482    0.02604 
    0.2601     0.2601          1     0.2601       0.01       0.21      0.152   -0.05927    0.02311 
    0.2939     0.2939          1     0.2939       0.01       0.22     0.1268   -0.04516    0.01608 
    0.3019     0.3019          1     0.3019       0.01       0.23     0.1212   -0.04218    0.01468 
    0.3176     0.3176          1     0.3176       0.01       0.24     0.1105   -0.03673    0.01221 
    0.3208     0.3208          1     0.3208       0.01       0.25     0.1084   -0.03568    0.01174 
    0.3217     0.3217          1     0.3217       0.01       0.26     0.1078   -0.03538    0.01162 
     0.337      0.337          1      0.337       0.01       0.27    0.09797   -0.03066   0.009598 
    0.3433     0.3433          1     0.3433       0.01       0.28    0.09406   -0.02885   0.008848 
    0.3577     0.3577          1     0.3577       0.01       0.29    0.08544   -0.02497     0.0073 
    0.3653     0.3653          1     0.3653       0.01        0.3    0.08105   -0.02308    0.00657 
    0.3745     0.3745          1     0.3745       0.01       0.31     0.0759   -0.02091   0.005761 
     0.385      0.385          1      0.385       0.01       0.32    0.07023   -0.01861   0.004932 
    0.3858     0.3858          1     0.3858       0.01       0.33     0.0698   -0.01844   0.004872 
    0.3964     0.3964          1     0.3964       0.01       0.34    0.06431   -0.01631   0.004136 
    0.4193     0.4193          1     0.4193       0.01       0.35    0.05322   -0.01228   0.002833 
    0.4233     0.4233          1     0.4233       0.01       0.36    0.05139   -0.01165   0.002641 
    0.4234     0.4234          1     0.4234       0.01       0.37    0.05135   -0.01164   0.002637 
    0.4344     0.4344          1     0.4344       0.01       0.38    0.04648   -0.01002   0.002161 
    0.4386     0.4386          1     0.4386       0.01       0.39    0.04469  -0.009447   0.001997 
    0.4403     0.4403          1     0.4403       0.01        0.4    0.04397  -0.009221   0.001934 
    0.4641     0.4641          1     0.4641       0.01       0.41    0.03456  -0.006424   0.001194 
    0.4727     0.4727          1     0.4727       0.01       0.42    0.03144  -0.005573  0.0009882 
     0.483      0.483          1      0.483       0.01       0.43    0.02789  -0.004657  0.0007778 
    0.4917     0.4917          1     0.4917       0.01       0.44    0.02506  -0.003967  0.0006279 
     0.501      0.501          1      0.501       0.01       0.45     0.0222  -0.003308  0.0004929 
    0.5192     0.5192          1     0.5192       0.01       0.46    0.01711  -0.002238  0.0002927 
    0.5266     0.5266          1     0.5266       0.01       0.47    0.01523  -0.001879  0.0002319 
    0.5635     0.5635          1     0.5635       0.01       0.48   0.007482 -0.0006472  5.598e-05 
    0.6244     0.6244          1     0.6244       0.01       0.49  0.0006554 -1.678e-05  4.295e-07 
    0.6246     0.6246          1     0.6246       0.01        0.5  0.0006452 -1.639e-05  4.162e-07 
    0.7243     0.7243          1     0.7243       0.01       0.51    0.00552  0.0004102  3.048e-05 
    0.7487     0.7487          1     0.7487       0.01       0.52   0.009742  0.0009615   9.49e-05 
    0.7678     0.7678          1     0.7678       0.01       0.53    0.01388   0.001635  0.0001926 
    0.8206     0.8206          1     0.8206       0.01       0.54     0.0291   0.004965  0.0008471 
    0.8213     0.8213          1     0.8213       0.01       0.55    0.02934   0.005027  0.0008611 
    0.8805     0.8805          1     0.8805       0.01       0.56    0.05313    0.01225   0.002823 
    0.9115     0.9115          1     0.9115       0.01       0.57    0.06838    0.01788   0.004676 
    0.9136     0.9136          1     0.9136       0.01       0.58    0.06948    0.01832   0.004828 
    0.9386     0.9386          1     0.9386       0.01       0.59    0.08329    0.02404   0.006937 
    0.9886     0.9886          1     0.9886       0.01        0.6     0.1146    0.03882    0.01314 
    0.9909     0.9909          1     0.9909       0.01       0.61     0.1162    0.03962    0.01351 
         1          1          1          1       0.01       0.62     0.1225    0.04287    0.01501 
      1.04       1.04          1       1.04       0.01       0.63     0.1521    0.05932    0.02313 
     1.074      1.074          1      1.074       0.01       0.64     0.1798    0.07623    0.03232 
     1.169      1.169          1      1.169       0.01       0.65     0.2694     0.1398    0.07256 
     1.179      1.179          1      1.179       0.01       0.66     0.2798      0.148    0.07831 
      1.18       1.18          1       1.18       0.01       0.67     0.2809     0.1489     0.0789 
     1.183      1.183          1      1.183       0.01       0.68     0.2841     0.1514    0.08071 
     1.227      1.227          1      1.227       0.01       0.69     0.3329     0.1921     0.1108 
     1.291      1.291          1      1.291       0.01        0.7     0.4109     0.2634     0.1688 
     1.347      1.347          1      1.347       0.01       0.71     0.4858     0.3386      0.236 
     1.384      1.384          1      1.384       0.01       0.72     0.5388     0.3954     0.2903 
     1.459      1.459          1      1.459       0.01       0.73     0.6545     0.5295     0.4283 
     1.462      1.462          1      1.462       0.01       0.74     0.6593     0.5354     0.4347 
     1.549      1.549          1      1.549       0.01       0.75     0.8082     0.7266     0.6532 
     1.594      1.594          1      1.594       0.01       0.76     0.8911     0.8412     0.7941 
     1.609      1.609          1      1.609       0.01       0.77     0.9197      0.882     0.8458 
     1.623      1.623          1      1.623       0.01       0.78     0.9467     0.9212     0.8963 
     1.651      1.651          1      1.651       0.01       0.79      1.002      1.003      1.004 
     1.748      1.748          1      1.748       0.01        0.8      1.206      1.324      1.453 
     1.775      1.775          1      1.775       0.01       0.81      1.266      1.424      1.602 
     1.885      1.885          1      1.885       0.01       0.82      1.525      1.884      2.326 
     1.947      1.947          1      1.947       0.01       0.83      1.682      2.182       2.83 
     2.213      2.213          1      2.213       0.01       0.84      2.443      3.818      5.968 
      2.32       2.32          1       2.32       0.01       0.85      2.789      4.657      7.778 
       2.4        2.4          1        2.4       0.01       0.86      3.062      5.359      9.379 
     2.437      2.437          1      2.437       0.01       0.87      3.193      5.707       10.2 
     2.507      2.507          1      2.507       0.01       0.88      3.448      6.404      11.89 
     2.531      2.531          1      2.531       0.01       0.89      3.538      6.655      12.52 
      2.69       2.69          1       2.69       0.01        0.9      4.162       8.49      17.32 
     2.919      2.919          1      2.919       0.01       0.91      5.148      11.68      26.51 
     2.928      2.928          1      2.928       0.01       0.92      5.189      11.82      26.93 
     2.996      2.996          1      2.996       0.01       0.93      5.504      12.91      30.29 
     3.003      3.003          1      3.003       0.01       0.94      5.537      13.03      30.65 
     3.472      3.472          1      3.472       0.01       0.95      7.964      22.47      63.42 
     3.582      3.582          1      3.582       0.01       0.96      8.597      25.21       73.9 
     3.622      3.622          1      3.622       0.01       0.97      8.833      26.25      78.02 
     3.776      3.776          1      3.776       0.01       0.98      9.772      30.55      95.49 
     4.582      4.582          1      4.582       0.01       0.99      15.46      60.79        239 
     4.682      4.682          1      4.682       0.01          1      16.26      65.55      264.3 


Гистограма плотности распределения
0            0.2            0.4            0.6            0.8              1
Y----------------------------------------------------------------------------->
|******	0.00501
|******	0.02941
|******	0.09154
|******	0.1121
|******	0.1331
|******	0.1371
|******	0.1394
|******	0.1459
|******	0.1467
|******	0.147
|******	0.1532
|******	0.1563
|******	0.1639
|******	0.1712
|******	0.1756
|******	0.188
|******	0.2264
|******	0.2317
|******	0.2381
|******	0.2483
|******	0.2601
|******	0.2939
|******	0.3019
|******	0.3176
|******	0.3208
|******	0.3217
|******	0.337
|******	0.3433
|******	0.3577
|******	0.3653
|******	0.3745
|******	0.385
|******	0.3858
|******	0.3964
|******	0.4193
|******	0.4233
|******	0.4234
|******	0.4344
|******	0.4386
|******	0.4403
|******	0.4641
|******	0.4727
|******	0.483
|******	0.4917
|******	0.501
|******	0.5192
|******	0.5266
|******	0.5635
|******	0.6244
|******	0.6246
|******	0.7243
|******	0.7487
|******	0.7678
|******	0.8206
|******	0.8213
|******	0.8805
|******	0.9115
|******	0.9136
|******	0.9386
|******	0.9886
|******	0.9909
|******	1
|******	1.04
|******	1.074
|******	1.169
|******	1.179
|******	1.18
|******	1.183
|******	1.227
|******	1.291
|******	1.347
|******	1.384
|******	1.459
|******	1.462
|******	1.549
|******	1.594
|******	1.609
|******	1.623
|******	1.651
|******	1.748
|******	1.775
|******	1.885
|******	1.947
|******	2.213
|******	2.32
|******	2.4
|******	2.437
|******	2.507
|******	2.531
|******	2.69
|******	2.919
|******	2.928
|******	2.996
|******	3.003
|******	3.472
|******	3.582
|******	3.622
|******	3.776
|******	4.582
|******	4.682
|
⌵ X


График эмпирической функции распределения
0            0.2            0.4            0.6            0.8              1
Y----------------------------------------------------------------------------->
|	-99999-0.00501
|	0.00501-0.02941
|	0.02941-0.09154
|*	0.09154-0.1121
|**	0.1121-0.1331
|**	0.1331-0.1371
|***	0.1371-0.1394
|****	0.1394-0.1459
|*****	0.1459-0.1467
|*****	0.1467-0.147
|******	0.147-0.1532
|*******	0.1532-0.1563
|*******	0.1563-0.1639
|********	0.1639-0.1712
|*********	0.1712-0.1756
|**********	0.1756-0.188
|***********	0.188-0.2264
|***********	0.2264-0.2317
|************	0.2317-0.2381
|*************	0.2381-0.2483
|**************	0.2483-0.2601
|**************	0.2601-0.2939
|***************	0.2939-0.3019
|****************	0.3019-0.3176
|*****************	0.3176-0.3208
|*****************	0.3208-0.3217
|******************	0.3217-0.337
|*******************	0.337-0.3433
|********************	0.3433-0.3577
|********************	0.3577-0.3653
|*********************	0.3653-0.3745
|**********************	0.3745-0.385
|***********************	0.385-0.3858
|***********************	0.3858-0.3964
|************************	0.3964-0.4193
|*************************	0.4193-0.4233
|**************************	0.4233-0.4234
|**************************	0.4234-0.4344
|***************************	0.4344-0.4386
|****************************	0.4386-0.4403
|*****************************	0.4403-0.4641
|*****************************	0.4641-0.4727
|******************************	0.4727-0.483
|*******************************	0.483-0.4917
|********************************	0.4917-0.501
|********************************	0.501-0.5192
|*********************************	0.5192-0.5266
|**********************************	0.5266-0.5635
|***********************************	0.5635-0.6244
|***********************************	0.6244-0.6246
|************************************	0.6246-0.7243
|*************************************	0.7243-0.7487
|**************************************	0.7487-0.7678
|**************************************	0.7678-0.8206
|***************************************	0.8206-0.8213
|****************************************	0.8213-0.8805
|*****************************************	0.8805-0.9115
|*****************************************	0.9115-0.9136
|******************************************	0.9136-0.9386
|*******************************************	0.9386-0.9886
|********************************************	0.9886-0.9909
|********************************************	0.9909-1
|*********************************************	1-1.04
|**********************************************	1.04-1.074
|***********************************************	1.074-1.169
|***********************************************	1.169-1.179
|************************************************	1.179-1.18
|*************************************************	1.18-1.183
|**************************************************	1.183-1.227
|**************************************************	1.227-1.291
|***************************************************	1.291-1.347
|****************************************************	1.347-1.384
|*****************************************************	1.384-1.459
|*****************************************************	1.459-1.462
|******************************************************	1.462-1.549
|*******************************************************	1.549-1.594
|********************************************************	1.594-1.609
|********************************************************	1.609-1.623
|*********************************************************	1.623-1.651
|**********************************************************	1.651-1.748
|***********************************************************	1.748-1.775
|***********************************************************	1.775-1.885
|************************************************************	1.885-1.947
|*************************************************************	1.947-2.213
|**************************************************************	2.213-2.32
|**************************************************************	2.32-2.4
|***************************************************************	2.4-2.437
|****************************************************************	2.437-2.507
|*****************************************************************	2.507-2.531
|*****************************************************************	2.531-2.69
|******************************************************************	2.69-2.919
|*******************************************************************	2.919-2.928
|********************************************************************	2.928-2.996
|********************************************************************	2.996-3.003
|*********************************************************************	3.003-3.472
|**********************************************************************	3.472-3.582
|***********************************************************************	3.582-3.622
|***********************************************************************	3.622-3.776
|************************************************************************	3.776-4.582
|*************************************************************************	4.582-4.682
|**************************************************************************	4.682-0
|
⌵ X
